9066,9066
9067,9067
9068,9068
9069,9069
9070,9070
9071,9071
9072,9072
9073,9073
9074,9074
9075,9075
9076,9076
9077,9077
9078,9078
9079,9079
9080,9080
9081,9081
9082,9082
9083,9083
9084,9084
9085,9085
9086,9086
9087,9087
9088,9088
9089,9089
9090,9090
9091,9091
9092,9092
9093,9093
9094,9094
9095,9095
9096,9096
9097,9097
9098,9098
9099,9099
9100,9100
9101,9101
9102,9102
9103,9103
9104,9104
9105,9105
9106,9106
9107,9107
9108,9108
9109,9109
9110,9110
9111,9111
9112,9112
9113,9113
9114,9114
9115,9115
9116,9116
9117,9117
9118,9118
9119,9119
9120,9120
9121,9121
9122,9122
9123,9123
9124,9124
9125,9125
9126,9126
9127,9127
9128,9128
9129,9129
9130,9130
9131,9131
9132,9132
9133,9133
9134,9134
9135,9135
9136,9136
9137,9137
9138,9138
9139,9139
9140,9140
9141,9141
9142,9142
9143,9143
9144,9144
9145,9145
9146,9146
9147,9147
9148,9148
9149,9149
9150,9150
9151,9151
9152,9152
9153,9153
9154,9154
9155,9155
9156,9156
9157,9157
9158,9158
9159,9159
9160,9160
9161,9161
9162,9162
9163,9163
9164,9164
9165,9165
9166,9166
9167,9167
9168,9168
9169,9169
9170,9170
9171,9171
9172,9172
9173,9173
9174,9174
9175,9175
9176,9176
9177,9177
9178,9178
9179,9179
9180,9180
9181,9181
9182,9182
9183,9183
9184,9184
9185,9185
9186,9186
9187,9187
9188,9188
9189,9189
9190,9190
9191,9191
9192,9192
9193,9193
9194,9194
9195,9195
9196,9196
9197,9197
9198,9198
9199,9199
9200,9200
9201,9201
9202,9202
9203,9203
9204,9204
9205,9205
9206,9206
9207,9207
9208,9208
9209,9209
9210,9210
9211,9211
9212,9212
9213,9213
9214,9214
9215,9215
9216,9216
9217,9217
9218,9218
9219,9219
9220,9220
9221,9221
9222,9222
9223,9223
9224,9224
9225,9225
9226,9226
9227,9227
9228,9228
9229,9229
9230,9230
9231,9231
9232,9232
9233,9233
9234,9234
9235,9235
9236,9236
9237,9237
9238,9238
9239,9239
9240,9240
9241,9241
9242,9242
9243,9243
9244,9244
9245,9245
9246,9246
9247,9247
9248,9248
9249,9249
9250,9250
9251,9251
9252,9252
9253,9253
9254,9254
9255,9255
9256,9256
9257,9257
9258,9258
9259,9259
9260,9260
9261,9261
9262,9262
9263,9263
9264,9264
9265,9265
9266,9266
9267,9267
9268,9268
9269,9269
9270,9270
9271,9271
9272,9272
9273,9273
9274,9274
9275,9275
9276,9276
9277,9277
9278,9278
9279,9279
9280,9280
9281,9281
9282,9282
9283,9283
9284,9284
9285,9285
9286,9286
9287,9287
9288,9288
9289,9289
9290,9290
9291,9291
9292,9292
9293,9293
9294,9294
9295,9295
9296,9296
9297,9297
9298,9298
9299,9299
9300,9300
9301,9301
9302,9302
9303,9303
9304,9304
9305,9305
9306,9306
9307,9307
9308,9308
9309,9309
9310,9310
9311,9311
9312,9312
9313,9313
9314,9314
9315,9315
9316,9316
9317,9317
9318,9318
9319,9319
9320,9320
9321,9321
9322,9322
9323,9323
9324,9324
9325,9325
9326,9326
9327,9327
9328,9328
9329,9329
9330,9330
9331,9331
9332,9332
9333,9333
9334,9334
9335,9335
9336,9336
9337,9337
9338,9338
9339,9339
9340,9340
9341,9341
9342,9342
9343,9343
9344,9344
9345,9345
9346,9346
9347,9347
9348,9348
9349,9349
9350,9350
9351,9351
9352,9352
9353,9353
9354,9354
9355,9355
9356,9356
9357,9357
9358,9358
9359,9359
9360,9360
9361,9361
9362,9362
9363,9363
9364,9364
9365,9365
9366,9366
9367,9367
9368,9368
9369,9369
9370,9370
9371,9371
9372,9372
9373,9373
9374,9374
9375,9375
9376,9376
9377,9377
9378,9378
9379,9379
9380,9380
9381,9381
9382,9382
9383,9383
9384,9384
9385,9385
9386,9386
9387,9387
9388,9388
9389,9389
9390,9390
9391,9391
9392,9392
9393,9393
9394,9394
9395,9395
9396,9396
9397,9397
9398,9398
9399,9399
9400,9400
9401,9401
9402,9402
9403,9403
9404,9404
9405,9405
9406,9406
9407,9407
9408,9408
9409,9409
9410,9410
9411,9411
9412,9412
9413,9413
9414,9414
9415,9415
9416,9416
9417,9417
9418,9418
9419,9419
9420,9420
9421,9421
9422,9422
9423,9423
9424,9424
9425,9425
9426,9426
9427,9427
9428,9428
9429,9429
9430,9430
9431,9431
9432,9432
9433,9433
9434,9434
9435,9435
9436,9436
9437,9437
9438,9438
9439,9439
9440,9440
9441,9441
9442,9442
9443,9443
9444,9444
9445,9445
9446,9446
9447,9447
9448,9448
9449,9449
9450,9450
9451,9451
9452,9452
9453,9453
9454,9454
9455,9455
9456,9456
9457,9457
9458,9458
9459,9459
9460,9460
9461,9461
9462,9462
9463,9463
9464,9464
9465,9465
9466,9466
9467,9467
9468,9468
9469,9469
9470,9470
9471,9471
9472,9472
9473,9473
9474,9474
9475,9475
9476,9476
9477,9477
9478,9478
9479,9479
9480,9480
9481,9481
9482,9482
9483,9483
9484,9484
9485,9485
9486,9486
9487,9487
9488,9488
9489,9489
9490,9490
9491,9491
9492,9492
9493,9493
9494,9494
9495,9495
9496,9496
9497,9497
9498,9498
9499,9499
9500,9500
9501,9501
9502,9502
9503,9503
9504,9504
9505,9505
9506,9506
9507,9507
9508,9508
9509,9509
9510,9510
9511,9511
9512,9512
9513,9513
9514,9514
9515,9515
9516,9516
9517,9517
9518,9518
9519,9519
9520,9520
9521,9521
9522,9522
9523,9523
9524,9524
9525,9525
9526,9526
9527,9527
9528,9528
9529,9529
9530,9530
9531,9531
9532,9532
9533,9533
9534,9534
9535,9535
9536,9536
9537,9537
9538,9538
9539,9539
9540,9540
9541,9541
9542,9542
9543,9543
9544,9544
9545,9545
9546,9546
9547,9547
9548,9548
9549,9549
9550,9550
9551,9551
9552,9552
9553,9553
9554,9554
9555,9555
9556,9556
9557,9557
9558,9558
9559,9559
9560,9560
9561,9561
9562,9562
9563,9563
9564,9564
9565,9565
9566,9566
9567,9567
9568,9568
9569,9569
9570,9570
9571,9571
9572,9572
9573,9573
9574,9574
9575,9575
9576,9576
9577,9577
9578,9578
9579,9579
9580,9580
9581,9581
9582,9582
9583,9583
9584,9584
9585,9585
9586,9586
9587,9587
9588,9588
9589,9589
9590,9590
9591,9591
9592,9592
9593,9593
9594,9594
9595,9595
9596,9596
9597,9597
9598,9598
9599,9599
9600,9600
9601,9601
9602,9602
9603,9603
9604,9604
9605,9605
9606,9606
9607,9607
9608,9608
9609,9609
9610,9610
9611,9611
9612,9612
9613,9613
9614,9614
9615,9615
9616,9616
9617,9617
9618,9618
9619,9619
9620,9620
9621,9621
9622,9622
9623,9623
9624,9624
9625,9625
9626,9626
9627,9627
9628,9628
9629,9629
9630,9630
9631,9631
9632,9632
9633,9633
9634,9634
9635,9635
9636,9636
9637,9637
9638,9638
9639,9639
9640,9640
9641,9641
9642,9642
9643,9643
9644,9644
9645,9645
9646,9646
9647,9647
9648,9648
9649,9649
9650,9650
9651,9651
9652,9652
9653,9653
9654,9654
9655,9655
9656,9656
9657,9657
9658,9658
9659,9659
9660,9660
9661,9661
9662,9662
9663,9663
9664,9664
9665,9665
9666,9666
9667,9667
9668,9668
9669,9669
9670,9670
9671,9671
9672,9672
9673,9673
9674,9674
9675,9675
9676,9676
9677,9677
9678,9678
9679,9679
9680,9680
9681,9681
9682,9682
9683,9683
9684,9684
9685,9685
9686,9686
9687,9687
9688,9688
9689,9689
9690,9690
9691,9691
9692,9692
9693,9693
9694,9694
9695,9695
9696,9696
9697,9697
9698,9698
9699,9699
9700,9700
9701,9701
9702,9702
9703,9703
9704,9704
9705,9705
9706,9706
9707,9707
9708,9708
9709,9709
9710,9710
9711,9711
9712,9712
9713,9713
9714,9714
9715,9715
9716,9716
9717,9717
9718,9718
9719,9719
9720,9720
9721,9721
9722,9722
9723,9723
9724,9724
9725,9725
9726,9726
9727,9727
9728,9728
9729,9729
9730,9730
9731,9731
9732,9732
9733,9733
9734,9734
9735,9735
9736,9736

9474,9289
9289,9145
9289,9461
9289,9581
9502,9603
9603,9620
9603,9684
9112,9104
9112,9512
9112,9704
9512,9104
9512,9187
9512,9422
9512,9552
9422,9186
9422,9187
9422,9552
9187,9186
9187,9552
9186,9191
9186,9561
9191,9249
9249,9104
9714,9384
9714,9561
9714,9706
9714,9724
9461,9067
9461,9237
9461,9314
9461,9486
9461,9505
9461,9600
9461,9616
9461,9633
9461,9654
9461,9724
9633,9067
9633,9486
9633,9505
9486,9067
9486,9505
9486,9658
9505,9067
9505,9658
9505,9724
9419,9560
9306,9115
9306,9434
9151,9698
9157,9233
9157,9655
9233,9480
9706,9083
9706,9097
9706,9165
9706,9384
9706,9403
9706,9450
9706,9461
9706,9464
9706,9724
9468,9219
9468,9478
9555,9072
9555,9321
9072,9289
9072,9724
9177,9227
9177,9448
9448,9086
9448,9101
9409,9219
9409,9349
9409,9468
9409,9478
9409,9579
9349,9135
9349,9165
9349,9579
9579,9135
9579,9373
9579,9706
9135,9165
9135,9706
9165,9298
9165,9373
9084,9701
9120,9083
9120,9706
9152,9109
9280,9681
9567,9668
9608,9394
9608,9455
9394,9455
9238,9155
9155,9624
9376,9080
9376,9359
9376,9495
9376,9517
9376,9557
9376,9594
9376,9597
9376,9612
9624,9499
9242,9122
9184,9095
9184,9287
9184,9292
9184,9330
9184,9371
9184,9377
9184,9445
9184,9537
9164,9074
9164,9093
9164,9183
9164,9285
9164,9324
9164,9428
9164,9438
9164,9492
9164,9532
9164,9537
9164,9659
9164,9735
9074,9093
9074,9428
9074,9438
9074,9659
9074,9673
9074,9735
9735,9093
9735,9428
9735,9438
9735,9537
9735,9659
9659,9092
9659,9297
9659,9438
9659,9532
9659,9537
9537,9092
9537,9095
9537,9279
9537,9284
9537,9285
9537,9370
9537,9371
9537,9386
9537,9438
9537,9445
9537,9469
9537,9492
9537,9506
9537,9532
9537,9556
9537,9574
9537,9575
9537,9612
9537,9626
9537,9662
9537,9673
9574,9202
9574,9281
9574,9351
9574,9371
9574,9386
9574,9445
9574,9453
9574,9492
9574,9537
9574,9562
9574,9612
9574,9662
9574,9673
9386,9371
9386,9537
9386,9574
9386,9673
9673,9206
9673,9371
9673,9386
9673,9492
9673,9532
9673,9537
9673,9562
9673,9574
9662,9556
9556,9735
9428,9093
9428,9139
9428,9438
9428,9537
9428,9574
9428,9615
9428,9659
9575,9167
9575,9184
9575,9437
9575,9712
9531,9095
9531,9130
9531,9184
9531,9245
9531,9407
9531,9476
9531,9537
9531,9554
9531,9583
9531,9682
9531,9709
9531,9716
9095,9123
9095,9130
9095,9183
9095,9184
9095,9206
9095,9207
9095,9245
9095,9287
9095,9297
9095,9371
9095,9407
9095,9413
9095,9445
9095,9453
9095,9479
9095,9517
9095,9518
9095,9531
9095,9537
9095,9554
9095,9575
9095,9583
9095,9606
9095,9711
9095,9718
9095,9721
9095,9730
9583,9245
9583,9532
9712,9164
9712,9370
9718,9531
9312,9445
9312,9711
9711,9445
9297,9077
9297,9118
9297,9323
9371,9095
9371,9184
9371,9261
9371,9285
9371,9453
9371,9537
9371,9562
9371,9574
9371,9575
9371,9623
9371,9662
9307,9095
9307,9604
9423,9167
9423,9371
9423,9437
9423,9575
9377,9167
9377,9330
9377,9594
9594,9087
9594,9167
9594,9193
9594,9305
9594,9330
9594,9340
9594,9364
9594,9377
9594,9488
9594,9645
9594,9649
9472,9285
9472,9537
9472,9585
9472,9612
9472,9719
9660,9194
9660,9350
9660,9453
9660,9564
9660,9598
9660,9623
9660,9634
9350,9194
9350,9453
9350,9564
9350,9598
9350,9623
9350,9660
9285,9095
9285,9260
9285,9452
9285,9477
9285,9509
9285,9517
9285,9537
9285,9629
9285,9650
9599,9099
9284,9080
9284,9108
9284,9116
9284,9131
9284,9387
9284,9452
9284,9612
9284,9629
9284,9650
9284,9691
9650,9108
9650,9136
9650,9255
9650,9260
9650,9262
9650,9285
9650,9416
9650,9452
9650,9612
9650,9629
9629,9108
9629,9116
9629,9285
9629,9452
9629,9509
9629,9612
9629,9691
9108,9452
9108,9612
9108,9629
9108,9691
9466,9260
9102,9285
9102,9537
9477,9095
9477,9730
9207,9080
9080,9088
9080,9095
9080,9098
9080,9113
9080,9138
9080,9198
9080,9206
9080,9215
9080,9284
9080,9308
9080,9411
9080,9418
9080,9445
9080,9453
9080,9467
9080,9492
9080,9526
9080,9574
9080,9612
9080,9623
9080,9645
9080,9689
9415,9095
9415,9250
9415,9310
9415,9469
9415,9537
9415,9663
9415,9679
9640,9095
9640,9619
9689,9080
9689,9082
9689,9088
9689,9095
9689,9096
9689,9142
9689,9160
9689,9170
9689,9172
9689,9228
9689,9240
9689,9305
9689,9414
9689,9418
9689,9445
9689,9449
9689,9453
9689,9517
9689,9537
9689,9574
9689,9612
9689,9642
9689,9672
9689,9719
9689,9736
9218,9359
9218,9451
9218,9730
9359,9208
9359,9360
9359,9376
9359,9378
9359,9410
9359,9445
9359,9451
9359,9472
9359,9482
9359,9526
9445,9076
9445,9080
9445,9095
9445,9113
9445,9128
9445,9138
9445,9254
9445,9279
9445,9308
9445,9312
9445,9360
9445,9377
9445,9378
9445,9439
9445,9449
9445,9453
9445,9462
9445,9477
9445,9517
9445,9527
9445,9528
9445,9531
9445,9548
9445,9590
9445,9594
9445,9612
9445,9645
9445,9650
9445,9660
9445,9679
9445,9689
9445,9713
9193,9528
9240,9080
9240,9445
9240,9612
9612,9080
9612,9087
9612,9095
9612,9138
9612,9208
9612,9215
9612,9260
9612,9279
9612,9285
9612,9320
9612,9348
9612,9359
9612,9376
9612,9415
9612,9449
9612,9452
9612,9453
9612,9472
9612,9483
9612,9509
9612,9517
9612,9528
9612,9537
9612,9540
9612,9584
9612,9591
9612,9597
9612,9628
9612,9629
9612,9645
9612,9663
9612,9689
9612,9710
9612,9717
9663,9095
9663,9415
9663,9623
9358,9231
9358,9612
9358,9736
9736,9080
9525,9612
9526,9453
9526,9574
9305,9378
9305,9574
9305,9594
9305,9689
9326,9302
9378,9170
9410,9106
9410,9180
9410,9239
9410,9612
9484,9520
9520,9266
9642,9082
9642,9230
9642,9286
9642,9300
9642,9347
9642,9348
9642,9356
9642,9418
9642,9495
9642,9652
9642,9689
9230,9080
9230,9286
9230,9300
9230,9347
9230,9356
9230,9418
9230,9482
9230,9495
9230,9517
9230,9642
9230,9652
9230,9672
9347,9230
9347,9286
9347,9300
9347,9495
9347,9642
9347,9652
9418,9140
9418,9189
9418,9215
9418,9230
9418,9286
9418,9347
9418,9356
9418,9360
9418,9482
9418,9490
9418,9495
9418,9496
9418,9537
9418,9642
9418,9656
9418,9672
9418,9678
9490,9300
9490,9359
9490,9360
9490,9482
9490,9642
9490,9656
9482,9230
9482,9300
9482,9360
9672,9073
9672,9088
9672,9346
9672,9418
9672,9445
9672,9449
9672,9453
9672,9472
9672,9652
9215,9195
9215,9348
9215,9359
9215,9374
9215,9418
9215,9496
9215,9652
9215,9686
9348,9374
9348,9420
9348,9445
9348,9496
9348,9526
9348,9527
9348,9672
9420,9195
9420,9526
9420,9661
9483,9378
9483,9719
9517,9095
9517,9164
9517,9260
9517,9285
9517,9415
9517,9441
9517,9445
9517,9453
9517,9463
9517,9492
9517,9574
9517,9679
9195,9088
9195,9661
9195,9713
9357,9110
9357,9215
9357,9418
9357,9496
9357,9713
9585,9661
9661,9195
9661,9357
9661,9420
9661,9585
9661,9593
9661,9689
9661,9713
9661,9719
9719,9472
9719,9612
9189,9393
9189,9397
9189,9495
9393,9081
9393,9652
9393,9713
9088,9348
9088,9418
9088,9563
9088,9672
9088,9713
9645,9080
9645,9088
9645,9096
9645,9140
9645,9148
9645,9185
9645,9277
9645,9348
9645,9378
9645,9445
9645,9496
9645,9588
9645,9612
9645,9627
9645,9666
9142,9070
9142,9181
9142,9224
9142,9283
9496,9140
9496,9195
9496,9574
9496,9645
9496,9661
9140,9378
9140,9645
9185,9125
9185,9627
9627,9453
9626,9449
9626,9495
9495,9230
9495,9286
9495,9300
9495,9347
9495,9356
9495,9418
9495,9642
9495,9652
9133,9264
9171,9126
9171,9318
9171,9449
9318,9126
9318,9171
9318,9491
9277,9066
9277,9252
9277,9264
9277,9418
9277,9427
9277,9507
9277,9565
9277,9689
9688,9392
9507,9252
9507,9277
9252,9264
9565,9277
9639,9215
9639,9252
9639,9418
9639,9689
9535,9234
9085,9494
9536,9153
9596,9190
9596,9291
9211,9589
9190,9645
9497,9661
9497,9713
9545,9264
9649,9096
9649,9645
9566,9080
9566,9159
9566,9197
9566,9264
9566,9533
9566,9699
9222,9159
9222,9566
9159,9166
9533,9138
9533,9197
9533,9566
9138,9146
9138,9211
9138,9264
9138,9265
9138,9276
9138,9342
9138,9385
9138,9533
9138,9545
9138,9566
9138,9589
9138,9594
9138,9675
9138,9689
9158,9264
9491,9264
9113,9080
9113,9138
9113,9612
9113,9689
9241,9340
9340,9241
9340,9447
9091,9119
9091,9138
9091,9369
9091,9488
9729,9143
9729,9364
9729,9369
9729,9398
9729,9594
9729,9664
9729,9680
9523,9550
9447,9091
9498,9612
9618,9612
9680,9107
9680,9270
9680,9538
9680,9544
9680,9685
9680,9689
9591,9511
9591,9632
9591,9637
9591,9725
9521,9568
9327,9337
9327,9475
9327,9577
9327,9612
9475,9327
9244,9214
9244,9546
9244,9637
9244,9725
9725,9214
9725,9546
9725,9632
9725,9637
9214,9379
9214,9546
9546,9138
9546,9214
9546,9243
9546,9270
9546,9379
9379,9243
9270,9609
9467,9412
9467,9443
9467,9612
9467,9689
9540,9309
9540,9363
9540,9399
9540,9402
9540,9577
9399,9363
9399,9402
9399,9540
9471,9309
9471,9700
9389,9127
9389,9689
9625,9690
9278,9412
9278,9436
9278,9467
9338,9105
9338,9121
9338,9342
9121,9335
9121,9352
9121,9522
9352,9080
9352,9127
9352,9315
9352,9335
9352,9467
9352,9584
9522,9584
9522,9676
9522,9689
9635,9127
9552,9186
9561,9226
9561,9237
9561,9616
9561,9706
9561,9724
9097,9461
9097,9486
9097,9633
9097,9706
9658,9145
9658,9253
9658,9724
9150,9226
9344,9179
9600,9654
9600,9731
9727,9461
9253,9694
9403,9722
9257,9367
9257,9578
9145,9178
9145,9200
9145,9319
9145,9715
9178,9200
9178,9319
9247,9353
9247,9419
9353,9419
9582,9617
9216,9115
9216,9306
9216,9434
9434,9382
9655,9233
9655,9480
9114,9279
9114,9445
9114,9453
9730,9285
9730,9359
9730,9451
9730,9453
9730,9477
9730,9537
9730,9612
9730,9657
9411,9164
9411,9445
9411,9517
9106,9301
9106,9308
9180,9410
9283,9070
9283,9142
9283,9181
9126,9080
9153,9406
9143,9096
9143,9222
9143,9729
9587,9076
9538,9080
9363,9404
9363,9543
9720,9121
9720,9352
9175,9331
9175,9465
9481,9403
9481,9464
9481,9706
9581,9145
9581,9178
9581,9715
9715,9178
9715,9200
9321,9072
9321,9724
9227,9101
9227,9448
9298,9086
9298,9132
9705,9567
9670,9516
9304,9196
9304,9453
9679,9250
9070,9181
9570,9241
9709,9095
9709,9407
9709,9476
9709,9531
9709,9554
9192,9667
9288,9724
9261,9615
9261,9673
9446,9160
9176,9360
9176,9453
9176,9470
9300,9230
9300,9347
9300,9652
9300,9672
9163,9303
9104,9187
9104,9422
9104,9552
9104,9704
9724,9084
9724,9097
9724,9147
9724,9152
9724,9226
9724,9227
9724,9256
9724,9280
9724,9349
9724,9384
9724,9461
9724,9486
9724,9613
9724,9706
9450,9186
9450,9514
9450,9561
9731,9727
9653,9192
9653,9667
9101,9086
9101,9115
9101,9216
9101,9306
9101,9732
9732,9216
9732,9306
9732,9724
9698,9157
9698,9233
9698,9655
9478,9219
9453,9080
9453,9095
9453,9194
9453,9204
9453,9285
9453,9308
9453,9350
9453,9376
9453,9411
9453,9432
9453,9445
9453,9463
9453,9470
9453,9492
9453,9517
9453,9525
9453,9575
9453,9598
9453,9612
9453,9623
9453,9630
9453,9638
9453,9663
9099,9453
9260,9114
9260,9255
9260,9262
9260,9285
9260,9416
9260,9517
9260,9574
9260,9612
9260,9623
9160,9164
9160,9414
9160,9689
9469,9095
9469,9689
9170,9305
9170,9612
9170,9645
9360,9300
9360,9482
9301,9484
9082,9374
9082,9418
9432,9080
9432,9284
9432,9453
9432,9574
9148,9645
9692,9713
9713,9195
9713,9224
9713,9442
9713,9449
9713,9537
9713,9627
9713,9639
9713,9645
9713,9661
9713,9689
9264,9491
9264,9596
9264,9612
9264,9639
9264,9689
9609,9398
9609,9689
9616,9173
9616,9237
9616,9257
9616,9617
9558,9659
9319,9210
9319,9440
9067,9658
9067,9724
9147,9654
9654,9727
9654,9731
9209,9150
9209,9226
9179,9600
9256,9175
9256,9465
9465,9331
9465,9724
9464,9403
9620,9112
9620,9613
9620,9653
9620,9667
9620,9704
9173,9257
9173,9617
9617,9257
9367,9578
9200,9724
9210,9247
9210,9290
9210,9440
9440,9247
9440,9290
9115,9382
9115,9434
9480,9089
9086,9135
9086,9219
9086,9579
9139,9075
9615,9139
9615,9184
9615,9574
9202,9453
9202,9638
9069,9183
9069,9279
9069,9324
9069,9445
9069,9537
9279,9183
9279,9260
9279,9463
9279,9517
9279,9612
9279,9670
9657,9329
9308,9376
9470,9176
9470,9689
9449,9073
9449,9174
9449,9224
9449,9418
9449,9445
9449,9453
9449,9689
9449,9713
9224,9142
9224,9713
9355,9368
9576,9601
9704,9104
9704,9186
9704,9187
9704,9512
9704,9552
9704,9561
9384,9097
9384,9461
9384,9706
9573,9289
9573,9581
9634,9194
9634,9350
9634,9453
9634,9564
9634,9594
9634,9598
9634,9623
9634,9660
9452,9108
9452,9116
9452,9260
9452,9387
9452,9612
9452,9629
9452,9650
9452,9691
9124,9672
9331,9253
9331,9658
9407,9095
9407,9130
9407,9531
9407,9583
9167,9261
9167,9307
9167,9330
9167,9437
9167,9594
9167,9604
9369,9091
9369,9119
9438,9092
9438,9386
9438,9532
9438,9537
9438,9574
9438,9673
9395,9371
9236,9183
9183,9095
9183,9673
9541,9184
9451,9359
9275,9736
9336,9071
9336,9365
9286,9300
9286,9495
9125,9348
9174,9445
9174,9449
9364,9143
9364,9222
9364,9241
9364,9729
9488,9091
9488,9445
9103,9080
9103,9198
9103,9355
9273,9680
9237,9173
9237,9257
9237,9617
9373,9132
9373,9298
9436,9412
9436,9467
9320,9252
9601,9454
9259,9151
9098,9453
9597,9376
9593,9585
9669,9649
9592,9138
9684,9112
9684,9620
9093,9438
9093,9532
9093,9537
9093,9659
9330,9594
9131,9108
9131,9116
9131,9136
9131,9387
9131,9452
9131,9629
9131,9650
9131,9691
9351,9206
9351,9516
9351,9574
9694,9403
9694,9464
9694,9481
9476,9095
9476,9206
9476,9407
9476,9531
9476,9554
9476,9709
9554,9095
9554,9407
9554,9531
9554,9716
9413,9287
9721,9285
9721,9453
9396,9222
9598,9194
9598,9350
9598,9623
9652,9230
9652,9300
9652,9328
9652,9347
9652,9360
9652,9418
9652,9420
9652,9482
9652,9495
9652,9612
9652,9642
9368,9566
9168,9328
9515,9327
9515,9635
9515,9689
9096,9138
9096,9143
9251,9222
9459,9361
9500,9456
9220,9615
9547,9206
9547,9445
9262,9260
9262,9416
9435,9269
9435,9526
9365,9071
9365,9170
9365,9282
9073,9246
9560,9582
9610,9074
9610,9164
9610,9428
9610,9735
9723,9371
9324,9183
9324,9279
9324,9445
9324,9537
9225,9131
9225,9284
9225,9441
9225,9650
9504,9095
9504,9689
9231,9736
9647,9374
9638,9537
9638,9575
9682,9095
9682,9130
9682,9206
9682,9407
9682,9476
9682,9531
9682,9709
9682,9716
9329,9401
9380,9218
9380,9730
9664,9143
9664,9364
9532,9092
9532,9371
9532,9386
9532,9438
9532,9492
9532,9537
9532,9562
9532,9574
9532,9673
9255,9260
9255,9453
9255,9623
9518,9445
9518,9537
9518,9623
9141,9133
9290,9247
9290,9353
9696,9376
9696,9557
9281,9080
9281,9574
9356,9230
9356,9286
9356,9300
9356,9347
9356,9418
9356,9495
9356,9642
9208,9088
9208,9689
9332,9449
9332,9612
9553,9138
9553,9566
9198,9612
9429,9513
9543,9169
9543,9404
9543,9540
9404,9169
9404,9540
9404,9543
9335,9352
9335,9584
9239,9301
9656,9300
9656,9360
9656,9482
9621,9192
9621,9620
9621,9653
9621,9667
9092,9074
9092,9164
9092,9386
9092,9492
9092,9574
9092,9673
9075,9574
9564,9598
9564,9623
9296,9539
9683,9492
9374,9453
9427,9565
9637,9214
9637,9511
9637,9546
9637,9591
9637,9632
9637,9725
9632,9214
9632,9546
9443,9080
9443,9467
9443,9612
9443,9695
9700,9543
9685,9677
9519,9342
9105,9121
9584,9121
9584,9335
9584,9352
9584,9519
9584,9522
9584,9680
9584,9720
9516,9537
9501,9371
9501,9723
9506,9080
9506,9359
9506,9472
9424,9545
9362,9113
9325,9678
9397,9393
9341,9113
9412,9363
9412,9519
9416,9255
9416,9260
9416,9472
9129,9173
9129,9237
9129,9561
9129,9616
9129,9617
9460,9312
9322,9138
9169,9399
9169,9540
9169,9543
9169,9612
9309,9700
9342,9105
9342,9121
9342,9335
9342,9338
9342,9551
9107,9352
9118,9323
9623,9079
9623,9095
9623,9285
9623,9350
9623,9371
9623,9415
9623,9445
9623,9453
9623,9472
9623,9612
9071,9239
9071,9282
9071,9410
9628,9587
9628,9728
9127,9337
9127,9389
9315,9584
9315,9720
9370,9164
9197,9138
9166,9222
9722,9620
9722,9621
9722,9653
9630,9558
9346,9215
9710,9472
9710,9689
9387,9612
9387,9629
9387,9691
9457,9268
9463,9279
9463,9574
9311,9167
9311,9307
9691,9108
9691,9509
9691,9612
9691,9629
9295,9607
9287,9123
9303,9163
9562,9428
9562,9574
9562,9662
9492,9102
9492,9118
9492,9164
9492,9167
9492,9183
9492,9281
9492,9386
9492,9453
9492,9537
9492,9556
9492,9562
9492,9574
9492,9673
9492,9730
9077,9254
9716,9095
9716,9130
9716,9407
9716,9583
9130,9095
9130,9407
9130,9583
9433,9285
9433,9472
9433,9541
9539,9260
9539,9517
9299,9651
9687,9385
9402,9363
9402,9540
9293,9127
9293,9515
9172,9404
9172,9543
9267,9080
9510,9091
9385,9381
9196,9623
9206,9095
9206,9307
9206,9445
9206,9554
9206,9583
9206,9716
9441,9131
9441,9284
9441,9452
9441,9612
9441,9623
9441,9629
9291,9596
9119,9091
9577,9327
9577,9399
9577,9475
9511,9214
9511,9244
9511,9632
9511,9637
9511,9725
9690,9625
9606,9296
9563,9645
9294,9221
9294,9669
9110,9496
9361,9459
9136,9108
9136,9387
9136,9452
9136,9629
9665,9521
9079,9260
9079,9517
9509,9260
9509,9452
9509,9650
9116,9108
9116,9612
9116,9629
9116,9691
9439,9080
