9066,9066
9067,9067
9068,9068
9069,9069
9070,9070
9071,9071
9072,9072
9073,9073
9074,9074
9075,9075
9076,9076
9077,9077
9078,9078
9079,9079
9080,9080
9081,9081
9082,9082
9083,9083
9084,9084
9085,9085
9086,9086
9087,9087
9088,9088
9089,9089
9090,9090
9091,9091
9092,9092
9093,9093
9094,9094
9095,9095
9096,9096
9097,9097
9098,9098
9099,9099
9100,9100
9101,9101
9102,9102
9103,9103
9104,9104
9105,9105
9106,9106
9107,9107
9108,9108
9109,9109
9110,9110
9111,9111
9112,9112
9113,9113
9114,9114
9115,9115
9116,9116
9117,9117
9118,9118
9119,9119
9120,9120
9121,9121
9122,9122
9123,9123
9124,9124
9125,9125
9126,9126
9127,9127
9128,9128
9129,9129
9130,9130
9131,9131
9132,9132
9133,9133
9134,9134
9135,9135
9136,9136
9137,9137
9138,9138
9139,9139
9140,9140
9141,9141
9142,9142
9143,9143
9144,9144
9145,9145
9146,9146
9147,9147
9148,9148
9149,9149
9150,9150
9151,9151
9152,9152
9153,9153
9154,9154
9155,9155
9156,9156
9157,9157
9158,9158
9159,9159
9160,9160
9161,9161
9162,9162
9163,9163
9164,9164
9165,9165
9166,9166
9167,9167
9168,9168
9169,9169
9170,9170
9171,9171
9172,9172
9173,9173
9174,9174
9175,9175
9176,9176
9177,9177
9178,9178
9179,9179
9180,9180
9181,9181
9182,9182
9183,9183
9184,9184
9185,9185
9186,9186
9187,9187
9188,9188
9189,9189
9190,9190
9191,9191
9192,9192
9193,9193
9194,9194
9195,9195
9196,9196
9197,9197
9198,9198
9199,9199
9200,9200
9201,9201
9202,9202
9203,9203
9204,9204
9205,9205
9206,9206
9207,9207
9208,9208
9209,9209
9210,9210
9211,9211
9212,9212
9213,9213
9214,9214
9215,9215
9216,9216
9217,9217
9218,9218
9219,9219
9220,9220
9221,9221
9222,9222
9223,9223
9224,9224
9225,9225
9226,9226
9227,9227
9228,9228
9229,9229
9230,9230
9231,9231
9232,9232
9233,9233
9234,9234
9235,9235
9236,9236
9237,9237
9238,9238
9239,9239
9240,9240
9241,9241
9242,9242
9243,9243
9244,9244
9245,9245
9246,9246
9247,9247
9248,9248
9249,9249
9250,9250
9251,9251
9252,9252
9253,9253
9254,9254
9255,9255
9256,9256
9257,9257
9258,9258
9259,9259
9260,9260
9261,9261
9262,9262
9263,9263
9264,9264
9265,9265
9266,9266
9267,9267
9268,9268
9269,9269
9270,9270
9271,9271
9272,9272
9273,9273
9274,9274
9275,9275
9276,9276
9277,9277
9278,9278
9279,9279
9280,9280
9281,9281
9282,9282
9283,9283
9284,9284
9285,9285
9286,9286
9287,9287
9288,9288
9289,9289
9290,9290
9291,9291
9292,9292
9293,9293
9294,9294
9295,9295
9296,9296
9297,9297
9298,9298
9299,9299
9300,9300
9301,9301
9302,9302
9303,9303
9304,9304
9305,9305
9306,9306
9307,9307
9308,9308
9309,9309
9310,9310
9311,9311
9312,9312
9313,9313
9314,9314
9315,9315
9316,9316
9317,9317
9318,9318
9319,9319
9320,9320
9321,9321
9322,9322
9323,9323
9324,9324
9325,9325
9326,9326
9327,9327
9328,9328
9329,9329
9330,9330
9331,9331
9332,9332
9333,9333
9334,9334
9335,9335
9336,9336
9337,9337
9338,9338
9339,9339
9340,9340
9341,9341
9342,9342
9343,9343
9344,9344
9345,9345
9346,9346
9347,9347
9348,9348
9349,9349
9350,9350
9351,9351
9352,9352
9353,9353
9354,9354
9355,9355
9356,9356
9357,9357
9358,9358
9359,9359
9360,9360
9361,9361
9362,9362
9363,9363
9364,9364
9365,9365
9366,9366
9367,9367
9368,9368
9369,9369
9370,9370
9371,9371
9372,9372
9373,9373
9374,9374
9375,9375
9376,9376
9377,9377
9378,9378
9379,9379
9380,9380
9381,9381
9382,9382
9383,9383
9384,9384
9385,9385
9386,9386
9387,9387
9388,9388
9389,9389
9390,9390
9391,9391
9392,9392
9393,9393
9394,9394
9395,9395
9396,9396
9397,9397
9398,9398
9399,9399
9400,9400
9401,9401
9402,9402
9403,9403
9404,9404
9405,9405
9406,9406
9407,9407
9408,9408
9409,9409
9410,9410
9411,9411
9412,9412
9413,9413
9414,9414
9415,9415
9416,9416
9417,9417
9418,9418
9419,9419
9420,9420
9421,9421
9422,9422
9423,9423
9424,9424
9425,9425
9426,9426
9427,9427
9428,9428
9429,9429
9430,9430
9431,9431
9432,9432
9433,9433
9434,9434
9435,9435
9436,9436
9437,9437
9438,9438
9439,9439
9440,9440
9441,9441
9442,9442
9443,9443
9444,9444
9445,9445
9446,9446
9447,9447
9448,9448
9449,9449
9450,9450
9451,9451
9452,9452
9453,9453
9454,9454
9455,9455
9456,9456
9457,9457
9458,9458
9459,9459
9460,9460
9461,9461
9462,9462
9463,9463
9464,9464
9465,9465
9466,9466
9467,9467
9468,9468
9469,9469
9470,9470
9471,9471
9472,9472
9473,9473
9474,9474
9475,9475
9476,9476
9477,9477
9478,9478
9479,9479
9480,9480
9481,9481
9482,9482
9483,9483
9484,9484
9485,9485
9486,9486
9487,9487
9488,9488
9489,9489
9490,9490
9491,9491
9492,9492
9493,9493
9494,9494
9495,9495
9496,9496
9497,9497
9498,9498
9499,9499
9500,9500
9501,9501
9502,9502
9503,9503
9504,9504
9505,9505
9506,9506
9507,9507
9508,9508
9509,9509
9510,9510
9511,9511
9512,9512
9513,9513
9514,9514
9515,9515
9516,9516
9517,9517
9518,9518
9519,9519
9520,9520
9521,9521
9522,9522
9523,9523
9524,9524
9525,9525
9526,9526
9527,9527
9528,9528
9529,9529
9530,9530
9531,9531
9532,9532
9533,9533
9534,9534
9535,9535
9536,9536
9537,9537
9538,9538
9539,9539
9540,9540
9541,9541
9542,9542
9543,9543
9544,9544
9545,9545
9546,9546
9547,9547
9548,9548
9549,9549
9550,9550
9551,9551
9552,9552
9553,9553
9554,9554
9555,9555
9556,9556
9557,9557
9558,9558
9559,9559
9560,9560
9561,9561
9562,9562
9563,9563
9564,9564
9565,9565
9566,9566
9567,9567
9568,9568
9569,9569
9570,9570
9571,9571
9572,9572
9573,9573
9574,9574
9575,9575
9576,9576
9577,9577
9578,9578
9579,9579
9580,9580
9581,9581
9582,9582
9583,9583
9584,9584
9585,9585
9586,9586
9587,9587
9588,9588
9589,9589
9590,9590
9591,9591
9592,9592
9593,9593
9594,9594
9595,9595
9596,9596
9597,9597
9598,9598
9599,9599
9600,9600
9601,9601
9602,9602
9603,9603
9604,9604
9605,9605
9606,9606
9607,9607
9608,9608
9609,9609
9610,9610
9611,9611
9612,9612
9613,9613
9614,9614
9615,9615
9616,9616
9617,9617
9618,9618
9619,9619
9620,9620
9621,9621
9622,9622
9623,9623
9624,9624
9625,9625
9626,9626
9627,9627
9628,9628
9629,9629
9630,9630
9631,9631
9632,9632
9633,9633
9634,9634
9635,9635
9636,9636
9637,9637
9638,9638
9639,9639
9640,9640
9641,9641
9642,9642
9643,9643
9644,9644
9645,9645
9646,9646
9647,9647
9648,9648
9649,9649
9650,9650
9651,9651
9652,9652
9653,9653
9654,9654
9655,9655
9656,9656
9657,9657
9658,9658
9659,9659
9660,9660
9661,9661
9662,9662
9663,9663
9664,9664
9665,9665
9666,9666
9667,9667
9668,9668
9669,9669
9670,9670
9671,9671
9672,9672
9673,9673
9674,9674
9675,9675
9676,9676
9677,9677
9678,9678
9679,9679
9680,9680
9681,9681
9682,9682
9683,9683
9684,9684
9685,9685
9686,9686
9687,9687
9688,9688
9689,9689
9690,9690
9691,9691
9692,9692
9693,9693
9694,9694
9695,9695
9696,9696
9697,9697
9698,9698
9699,9699
9700,9700
9701,9701
9702,9702
9703,9703
9704,9704
9705,9705
9706,9706
9707,9707
9708,9708
9709,9709
9710,9710
9711,9711
9712,9712
9713,9713
9714,9714
9715,9715
9716,9716
9717,9717
9718,9718
9719,9719
9720,9720
9721,9721
9722,9722
9723,9723
9724,9724
9725,9725
9726,9726
9727,9727
9728,9728
9729,9729
9730,9730
9731,9731
9732,9732
9733,9733
9734,9734
9735,9735
9736,9736

9474,9289
9474,9684
9289,9145
9289,9461
9289,9581
9502,9112
9502,9512
9502,9603
9502,9620
9603,9112
9603,9620
9603,9684
9112,9104
9112,9186
9112,9422
9112,9512
9112,9552
9112,9704
9512,9104
9512,9186
9512,9187
9512,9191
9512,9422
9512,9552
9422,9186
9422,9187
9422,9191
9422,9249
9422,9552
9187,9104
9187,9186
9187,9191
9187,9249
9187,9552
9186,9150
9186,9191
9186,9209
9186,9226
9186,9249
9186,9561
9191,9249
9191,9561
9191,9704
9249,9104
9249,9561
9249,9704
9714,9097
9714,9384
9714,9461
9714,9486
9714,9561
9714,9633
9714,9706
9714,9724
9461,9067
9461,9151
9461,9175
9461,9237
9461,9314
9461,9486
9461,9505
9461,9600
9461,9616
9461,9620
9461,9633
9461,9654
9461,9658
9461,9667
9461,9724
9633,9067
9633,9486
9633,9505
9633,9658
9486,9067
9486,9147
9486,9505
9486,9658
9505,9067
9505,9147
9505,9658
9505,9724
9419,9560
9419,9582
9306,9115
9306,9151
9306,9259
9306,9434
9151,9157
9151,9233
9151,9655
9151,9698
9157,9089
9157,9233
9157,9367
9157,9655
9233,9089
9233,9480
9706,9067
9706,9083
9706,9097
9706,9165
9706,9175
9706,9192
9706,9321
9706,9384
9706,9403
9706,9409
9706,9450
9706,9461
9706,9464
9706,9468
9706,9486
9706,9505
9706,9555
9706,9572
9706,9620
9706,9633
9706,9653
9706,9658
9706,9667
9706,9724
9468,9219
9468,9478
9468,9549
9219,9135
9219,9349
9219,9409
9219,9549
9219,9706
9549,9072
9549,9321
9549,9555
9555,9072
9555,9321
9072,9177
9072,9289
9072,9724
9177,9227
9177,9448
9448,9086
9448,9101
9448,9219
9409,9219
9409,9349
9409,9468
9409,9478
9409,9579
9349,9135
9349,9165
9349,9298
9349,9579
9579,9132
9579,9135
9579,9373
9579,9706
9135,9132
9135,9165
9135,9298
9135,9373
9135,9706
9135,9724
9165,9132
9165,9298
9165,9373
9132,9084
9132,9701
9084,9083
9084,9120
9084,9701
9084,9724
9701,9083
9701,9120
9120,9083
9120,9288
9120,9706
9152,9109
9152,9524
9109,9524
9524,9090
9280,9567
9280,9681
9280,9705
9681,9567
9681,9705
9567,9572
9567,9668
9572,9383
9383,9620
9608,9394
9608,9455
9394,9455
9668,9317
9238,9155
9155,9624
9595,9334
9595,9602
9602,9595
9408,9602
9376,9080
9376,9088
9376,9359
9376,9495
9376,9517
9376,9526
9376,9557
9376,9594
9376,9597
9376,9612
9376,9696
9624,9499
9242,9122
9184,9095
9184,9202
9184,9287
9184,9292
9184,9312
9184,9330
9184,9371
9184,9377
9184,9445
9184,9453
9184,9460
9184,9472
9184,9537
9184,9594
9184,9638
9164,9074
9164,9093
9164,9183
9164,9285
9164,9324
9164,9428
9164,9438
9164,9492
9164,9532
9164,9537
9164,9556
9164,9574
9164,9594
9164,9659
9164,9673
9164,9689
9164,9718
9164,9735
9074,9092
9074,9093
9074,9428
9074,9438
9074,9537
9074,9574
9074,9659
9074,9673
9074,9735
9735,9093
9735,9428
9735,9438
9735,9501
9735,9537
9735,9574
9735,9659
9659,9092
9659,9297
9659,9371
9659,9386
9659,9438
9659,9532
9659,9537
9659,9574
9659,9673
9537,9092
9537,9095
9537,9128
9537,9142
9537,9164
9537,9206
9537,9236
9537,9279
9537,9284
9537,9285
9537,9310
9537,9370
9537,9371
9537,9386
9537,9418
9537,9438
9537,9445
9537,9446
9537,9452
9537,9453
9537,9469
9537,9472
9537,9492
9537,9506
9537,9509
9537,9531
9537,9532
9537,9556
9537,9562
9537,9574
9537,9575
9537,9612
9537,9626
9537,9629
9537,9640
9537,9645
9537,9657
9537,9662
9537,9670
9537,9673
9537,9682
9537,9716
9537,9730
9574,9106
9574,9202
9574,9206
9574,9220
9574,9269
9574,9279
9574,9281
9574,9285
9574,9351
9574,9371
9574,9386
9574,9445
9574,9453
9574,9472
9574,9492
9574,9501
9574,9516
9574,9525
9574,9532
9574,9537
9574,9562
9574,9612
9574,9662
9574,9673
9574,9721
9386,9371
9386,9537
9386,9562
9386,9574
9386,9673
9673,9206
9673,9261
9673,9371
9673,9386
9673,9492
9673,9532
9673,9537
9673,9562
9673,9574
9662,9371
9662,9501
9662,9556
9662,9723
9556,9501
9556,9723
9556,9735
9428,9075
9428,9093
9428,9139
9428,9438
9428,9492
9428,9537
9428,9574
9428,9615
9428,9659
9428,9673
9575,9095
9575,9167
9575,9184
9575,9206
9575,9297
9575,9395
9575,9407
9575,9437
9575,9460
9575,9476
9575,9531
9575,9682
9575,9709
9575,9712
9531,9095
9531,9130
9531,9184
9531,9202
9531,9245
9531,9324
9531,9407
9531,9453
9531,9476
9531,9537
9531,9554
9531,9583
9531,9638
9531,9682
9531,9709
9531,9716
9095,9080
9095,9102
9095,9123
9095,9130
9095,9183
9095,9184
9095,9206
9095,9207
9095,9245
9095,9287
9095,9297
9095,9312
9095,9323
9095,9371
9095,9380
9095,9395
9095,9407
9095,9413
9095,9432
9095,9445
9095,9453
9095,9479
9095,9492
9095,9517
9095,9518
9095,9528
9095,9531
9095,9537
9095,9554
9095,9574
9095,9575
9095,9583
9095,9594
9095,9606
9095,9612
9095,9623
9095,9679
9095,9711
9095,9718
9095,9721
9095,9730
9583,9095
9583,9184
9583,9245
9583,9531
9583,9532
9583,9574
9712,9095
9712,9164
9712,9370
9718,9095
9718,9371
9718,9395
9718,9531
9718,9537
9718,9574
9312,9445
9312,9711
9711,9232
9711,9445
9297,9077
9297,9118
9297,9323
9371,9095
9371,9167
9371,9184
9371,9261
9371,9285
9371,9307
9371,9311
9371,9312
9371,9428
9371,9445
9371,9453
9371,9537
9371,9547
9371,9556
9371,9562
9371,9574
9371,9575
9371,9594
9371,9623
9371,9662
9307,9095
9307,9423
9307,9604
9423,9167
9423,9261
9423,9371
9423,9437
9423,9575
9377,9095
9377,9167
9377,9184
9377,9330
9377,9413
9377,9594
9594,9085
9594,9087
9594,9095
9594,9143
9594,9167
9594,9184
9594,9193
9594,9287
9594,9305
9594,9330
9594,9340
9594,9364
9594,9377
9594,9413
9594,9447
9594,9488
9594,9506
9594,9517
9594,9528
9594,9645
9594,9649
9472,9077
9472,9080
9472,9281
9472,9285
9472,9308
9472,9348
9472,9371
9472,9410
9472,9445
9472,9453
9472,9537
9472,9585
9472,9605
9472,9612
9472,9663
9472,9719
9660,9194
9660,9350
9660,9371
9660,9391
9660,9453
9660,9564
9660,9598
9660,9623
9660,9634
9350,9194
9350,9371
9350,9391
9350,9453
9350,9564
9350,9594
9350,9598
9350,9623
9350,9660
9285,9095
9285,9164
9285,9206
9285,9248
9285,9258
9285,9260
9285,9445
9285,9452
9285,9477
9285,9509
9285,9517
9285,9537
9285,9629
9285,9650
9285,9657
9285,9670
9258,9541
9599,9099
9599,9225
9599,9453
9284,9080
9284,9108
9284,9116
9284,9131
9284,9387
9284,9418
9284,9452
9284,9612
9284,9629
9284,9650
9284,9691
9650,9108
9650,9136
9650,9255
9650,9260
9650,9262
9650,9285
9650,9416
9650,9452
9650,9539
9650,9612
9650,9623
9650,9629
9629,9108
9629,9116
9629,9255
9629,9260
9629,9262
9629,9285
9629,9416
9629,9452
9629,9509
9629,9612
9629,9650
9629,9691
9108,9260
9108,9262
9108,9452
9108,9612
9108,9629
9108,9650
9108,9691
9466,9114
9466,9260
9466,9279
9487,9102
9487,9612
9102,9285
9102,9537
9477,9095
9477,9285
9477,9445
9477,9623
9477,9730
9477,9733
9207,9080
9207,9432
9080,9082
9080,9088
9080,9095
9080,9096
9080,9098
9080,9106
9080,9113
9080,9126
9080,9138
9080,9161
9080,9185
9080,9198
9080,9206
9080,9215
9080,9284
9080,9308
9080,9340
9080,9376
9080,9411
9080,9418
9080,9445
9080,9453
9080,9467
9080,9492
9080,9526
9080,9537
9080,9545
9080,9574
9080,9612
9080,9623
9080,9627
9080,9631
9080,9645
9080,9649
9080,9689
9080,9710
9415,9095
9415,9250
9415,9310
9415,9453
9415,9469
9415,9537
9415,9594
9415,9612
9415,9641
9415,9663
9415,9679
9415,9730
9640,9095
9640,9160
9640,9446
9640,9619
9689,9080
9689,9082
9689,9088
9689,9095
9689,9096
9689,9106
9689,9126
9689,9142
9689,9160
9689,9170
9689,9172
9689,9193
9689,9198
9689,9222
9689,9228
9689,9240
9689,9241
9689,9250
9689,9278
9689,9305
9689,9308
9689,9340
9689,9346
9689,9376
9689,9378
9689,9414
9689,9418
9689,9445
9689,9449
9689,9453
9689,9469
9689,9504
9689,9511
9689,9517
9689,9525
9689,9537
9689,9559
9689,9574
9689,9612
9689,9642
9689,9645
9689,9672
9689,9719
9689,9728
9689,9736
9590,9160
9218,9359
9218,9451
9218,9730
9359,9106
9359,9142
9359,9208
9359,9308
9359,9360
9359,9376
9359,9378
9359,9410
9359,9418
9359,9445
9359,9451
9359,9472
9359,9482
9359,9517
9359,9526
9359,9574
9359,9645
9359,9689
9445,9069
9445,9076
9445,9080
9445,9088
9445,9095
9445,9103
9445,9113
9445,9128
9445,9138
9445,9158
9445,9160
9445,9183
9445,9215
9445,9254
9445,9264
9445,9279
9445,9285
9445,9308
9445,9312
9445,9324
9445,9348
9445,9360
9445,9376
9445,9377
9445,9378
9445,9418
9445,9439
9445,9449
9445,9453
9445,9462
9445,9470
9445,9472
9445,9477
9445,9492
9445,9498
9445,9517
9445,9527
9445,9528
9445,9531
9445,9537
9445,9540
9445,9548
9445,9575
9445,9590
9445,9594
9445,9612
9445,9645
9445,9650
9445,9657
9445,9660
9445,9670
9445,9679
9445,9688
9445,9689
9445,9713
9445,9730
9193,9528
9193,9537
9193,9612
9240,9080
9240,9445
9240,9612
9240,9710
9612,9080
9612,9082
9612,9087
9612,9095
9612,9138
9612,9170
9612,9180
9612,9208
9612,9215
9612,9230
9612,9241
9612,9260
9612,9277
9612,9279
9612,9285
9612,9308
9612,9310
9612,9320
9612,9332
9612,9340
9612,9348
9612,9359
9612,9376
9612,9415
9612,9416
9612,9418
9612,9420
9612,9445
9612,9449
9612,9452
9612,9453
9612,9472
9612,9483
9612,9492
9612,9506
9612,9507
9612,9509
9612,9516
9612,9517
9612,9528
9612,9537
9612,9540
9612,9584
9612,9591
9612,9597
9612,9623
9612,9628
9612,9629
9612,9645
9612,9650
9612,9663
9612,9679
9612,9689
9612,9710
9612,9717
9663,9095
9663,9359
9663,9415
9663,9445
9663,9517
9663,9537
9663,9623
9663,9683
9663,9689
9358,9231
9358,9612
9358,9736
9736,9080
9736,9358
9525,9359
9525,9445
9525,9612
9128,9376
9128,9472
9128,9506
9128,9597
9526,9106
9526,9376
9526,9453
9526,9492
9526,9574
9526,9612
9305,9176
9305,9378
9305,9435
9305,9492
9305,9574
9305,9594
9305,9689
9326,9302
9378,9082
9378,9170
9378,9326
9378,9483
9378,9612
9410,9106
9410,9180
9410,9239
9410,9301
9410,9336
9410,9484
9410,9612
9484,9266
9484,9520
9520,9266
9520,9652
9266,9492
9266,9652
9642,9082
9642,9230
9642,9286
9642,9300
9642,9347
9642,9348
9642,9356
9642,9418
9642,9490
9642,9495
9642,9652
9642,9672
9642,9689
9230,9080
9230,9286
9230,9300
9230,9347
9230,9356
9230,9360
9230,9418
9230,9482
9230,9490
9230,9495
9230,9517
9230,9612
9230,9642
9230,9652
9230,9656
9230,9672
9347,9230
9347,9286
9347,9300
9347,9418
9347,9490
9347,9495
9347,9642
9347,9652
9347,9656
9347,9689
9418,9088
9418,9140
9418,9142
9418,9189
9418,9215
9418,9230
9418,9234
9418,9286
9418,9300
9418,9346
9418,9347
9418,9356
9418,9359
9418,9360
9418,9372
9418,9482
9418,9490
9418,9495
9418,9496
9418,9537
9418,9585
9418,9642
9418,9656
9418,9672
9418,9678
9490,9300
9490,9359
9490,9360
9490,9418
9490,9482
9490,9642
9490,9656
9482,9230
9482,9300
9482,9360
9482,9418
9482,9652
9482,9672
9482,9689
9672,9073
9672,9088
9672,9215
9672,9308
9672,9346
9672,9418
9672,9445
9672,9449
9672,9453
9672,9472
9672,9652
9672,9689
9672,9719
9215,9087
9215,9195
9215,9348
9215,9359
9215,9374
9215,9376
9215,9393
9215,9418
9215,9453
9215,9496
9215,9545
9215,9652
9215,9686
9348,9140
9348,9148
9348,9374
9348,9420
9348,9445
9348,9496
9348,9526
9348,9527
9348,9672
9348,9713
9420,9195
9420,9215
9420,9223
9420,9418
9420,9526
9420,9661
9420,9678
9483,9378
9483,9418
9483,9719
9517,9080
9517,9095
9517,9164
9517,9184
9517,9250
9517,9260
9517,9285
9517,9296
9517,9351
9517,9359
9517,9415
9517,9441
9517,9445
9517,9453
9517,9463
9517,9472
9517,9492
9517,9504
9517,9539
9517,9574
9517,9606
9517,9612
9517,9640
9517,9679
9517,9713
9517,9730
9195,9088
9195,9388
9195,9661
9195,9713
9357,9110
9357,9195
9357,9215
9357,9418
9357,9496
9357,9593
9357,9661
9357,9713
9585,9418
9585,9661
9585,9689
9661,9195
9661,9357
9661,9418
9661,9420
9661,9585
9661,9593
9661,9689
9661,9713
9661,9719
9719,9378
9719,9472
9719,9483
9719,9612
9189,9088
9189,9393
9189,9397
9189,9495
9189,9672
9393,9081
9393,9088
9393,9652
9393,9672
9393,9713
9088,9080
9088,9185
9088,9348
9088,9359
9088,9418
9088,9563
9088,9612
9088,9627
9088,9645
9088,9672
9088,9713
9645,9080
9645,9088
9645,9096
9645,9133
9645,9140
9645,9143
9645,9148
9645,9185
9645,9221
9645,9277
9645,9348
9645,9378
9645,9445
9645,9449
9645,9453
9645,9496
9645,9537
9645,9588
9645,9612
9645,9627
9645,9649
9645,9666
9645,9713
9142,9070
9142,9080
9142,9181
9142,9224
9142,9283
9142,9689
9496,9140
9496,9195
9496,9574
9496,9645
9496,9661
9140,9378
9140,9585
9140,9593
9140,9645
9140,9672
9185,9125
9185,9627
9627,9453
9627,9605
9627,9689
9627,9713
9626,9449
9626,9495
9626,9689
9495,9088
9495,9230
9495,9286
9495,9300
9495,9347
9495,9356
9495,9359
9495,9418
9495,9490
9495,9642
9495,9652
9495,9656
9495,9672
9495,9689
9229,9144
9144,9142
9144,9224
9133,9264
9651,9264
9651,9491
9171,9126
9171,9318
9171,9449
9318,9126
9318,9171
9318,9491
9277,9066
9277,9252
9277,9264
9277,9418
9277,9427
9277,9445
9277,9507
9277,9565
9277,9612
9277,9689
9688,9392
9507,9252
9507,9264
9507,9277
9507,9420
9252,9234
9252,9264
9252,9277
9252,9420
9252,9565
9565,9277
9639,9190
9639,9215
9639,9252
9639,9418
9639,9689
9535,9234
9085,9494
9536,9153
9536,9264
9536,9406
9536,9596
9596,9190
9596,9291
9211,9138
9211,9589
9154,9272
9190,9612
9190,9645
9190,9666
9497,9195
9497,9649
9497,9661
9497,9713
9545,9138
9545,9264
9545,9645
9545,9649
9649,9096
9649,9143
9649,9545
9649,9645
9566,9080
9566,9159
9566,9197
9566,9222
9566,9264
9566,9533
9566,9689
9566,9699
9222,9080
9222,9111
9222,9138
9222,9159
9222,9166
9222,9340
9222,9533
9222,9553
9222,9566
9222,9689
9159,9166
9159,9222
9533,9138
9533,9197
9533,9264
9533,9566
9138,9080
9138,9105
9138,9146
9138,9158
9138,9197
9138,9211
9138,9264
9138,9265
9138,9276
9138,9322
9138,9342
9138,9385
9138,9459
9138,9493
9138,9515
9138,9533
9138,9545
9138,9566
9138,9589
9138,9592
9138,9594
9138,9612
9138,9618
9138,9664
9138,9675
9138,9680
9138,9689
9493,9158
9158,9113
9158,9264
9491,9126
9491,9264
9113,9080
9113,9138
9113,9431
9113,9445
9113,9492
9113,9612
9113,9689
9241,9340
9241,9364
9241,9523
9241,9729
9340,9091
9340,9138
9340,9143
9340,9241
9340,9447
9340,9488
9340,9689
9091,9119
9091,9138
9091,9340
9091,9369
9091,9488
9199,9689
9729,9143
9729,9222
9729,9364
9729,9369
9729,9398
9729,9445
9729,9594
9729,9664
9729,9680
9729,9693
9523,9222
9523,9550
9134,9675
9447,9091
9447,9612
9447,9708
9444,9628
9228,9445
9228,9587
9228,9628
9498,9612
9618,9612
9607,9538
9607,9680
9680,9080
9680,9107
9680,9127
9680,9138
9680,9270
9680,9445
9680,9492
9680,9538
9680,9544
9680,9551
9680,9609
9680,9612
9680,9677
9680,9685
9680,9689
9591,9214
9591,9511
9591,9546
9591,9632
9591,9637
9591,9725
9149,9648
9521,9568
9327,9105
9327,9121
9327,9337
9327,9475
9327,9577
9327,9612
9475,9327
9244,9214
9244,9546
9244,9637
9244,9725
9725,9214
9725,9546
9725,9632
9725,9637
9214,9138
9214,9243
9214,9265
9214,9379
9214,9546
9546,9138
9546,9203
9546,9214
9546,9243
9546,9270
9546,9379
9379,9243
9379,9265
9243,9265
9265,9728
9203,9398
9203,9609
9203,9729
9398,9546
9270,9443
9270,9467
9270,9609
9270,9717
9467,9342
9467,9412
9467,9443
9467,9584
9467,9612
9467,9689
9467,9695
9467,9720
9695,9429
9513,9355
9540,9156
9540,9309
9540,9363
9540,9399
9540,9402
9540,9471
9540,9577
9540,9680
9540,9717
9399,9363
9399,9402
9399,9540
9399,9577
9471,9156
9471,9309
9471,9515
9471,9700
9156,9127
9156,9293
9156,9515
9389,9127
9389,9689
9625,9337
9625,9690
9337,9138
9337,9689
9162,9276
9162,9381
9162,9385
9137,9278
9137,9548
9278,9412
9278,9436
9278,9467
9278,9519
9551,9137
9338,9105
9338,9121
9338,9342
9338,9467
9121,9107
9121,9138
9121,9335
9121,9352
9121,9522
9352,9080
9352,9121
9352,9127
9352,9138
9352,9315
9352,9335
9352,9467
9352,9584
9522,9584
9522,9612
9522,9676
9522,9689
9635,9127
9635,9316
9454,9529
9552,9104
9552,9186
9552,9191
9552,9249
9561,9097
9561,9150
9561,9209
9561,9226
9561,9237
9561,9384
9561,9461
9561,9616
9561,9706
9561,9714
9561,9724
9097,9461
9097,9486
9097,9505
9097,9633
9097,9706
9658,9145
9658,9147
9658,9253
9658,9481
9658,9724
9150,9179
9150,9226
9150,9344
9226,9179
9226,9344
9344,9179
9344,9461
9344,9600
9344,9654
9344,9727
9344,9731
9600,9461
9600,9654
9600,9727
9600,9731
9727,9314
9727,9461
9253,9403
9253,9464
9253,9481
9253,9694
9253,9706
9403,9192
9403,9620
9403,9621
9403,9653
9403,9667
9403,9722
9667,9129
9667,9461
9257,9367
9257,9573
9257,9578
9257,9724
9145,9178
9145,9200
9145,9290
9145,9319
9145,9715
9178,9200
9178,9319
9247,9353
9247,9419
9247,9560
9247,9582
9353,9419
9353,9560
9353,9582
9353,9617
9582,9101
9582,9216
9582,9617
9582,9732
9216,9115
9216,9259
9216,9306
9216,9434
9434,9151
9434,9259
9434,9382
9655,9089
9655,9233
9655,9367
9655,9480
9114,9260
9114,9279
9114,9445
9114,9453
9114,9463
9730,9080
9730,9095
9730,9188
9730,9284
9730,9285
9730,9329
9730,9359
9730,9451
9730,9453
9730,9472
9730,9477
9730,9537
9730,9612
9730,9623
9730,9657
9730,9679
9730,9733
9411,9095
9411,9164
9411,9445
9411,9517
9411,9612
9411,9689
9106,9266
9106,9301
9106,9308
9106,9336
9106,9376
9106,9520
9180,9336
9180,9410
9283,9070
9283,9142
9283,9181
9126,9080
9126,9171
9153,9264
9153,9406
9153,9596
9143,9096
9143,9222
9143,9612
9143,9729
9587,9076
9587,9103
9538,9080
9363,9309
9363,9404
9363,9471
9363,9543
9363,9551
9720,9121
9720,9127
9720,9352
9175,9331
9175,9465
9481,9403
9481,9464
9481,9620
9481,9621
9481,9653
9481,9706
9481,9722
9581,9145
9581,9178
9581,9210
9581,9319
9581,9715
9715,9178
9715,9200
9715,9210
9321,9072
9321,9724
9227,9101
9227,9219
9227,9448
9298,9084
9298,9086
9298,9132
9298,9701
9705,9567
9705,9706
9670,9487
9670,9516
9670,9612
9304,9196
9304,9453
9679,9250
9679,9310
9679,9415
9070,9080
9070,9142
9070,9181
9570,9241
9709,9095
9709,9407
9709,9476
9709,9531
9709,9554
9709,9583
9192,9667
9083,9288
9288,9620
9288,9724
9261,9167
9261,9184
9261,9330
9261,9377
9261,9445
9261,9537
9261,9594
9261,9615
9261,9673
9446,9160
9446,9414
9446,9445
9446,9689
9176,9305
9176,9360
9176,9453
9176,9470
9300,9215
9300,9230
9300,9346
9300,9347
9300,9418
9300,9482
9300,9490
9300,9652
9300,9672
9205,9445
9163,9303
9163,9445
9104,9186
9104,9187
9104,9422
9104,9552
9104,9561
9104,9704
9724,9067
9724,9084
9724,9097
9724,9147
9724,9151
9724,9152
9724,9177
9724,9226
9724,9227
9724,9247
9724,9253
9724,9256
9724,9280
9724,9349
9724,9384
9724,9450
9724,9461
9724,9486
9724,9561
9724,9579
9724,9608
9724,9613
9724,9620
9724,9706
9724,9715
9450,9150
9450,9186
9450,9209
9450,9514
9450,9561
9450,9724
9731,9314
9731,9727
9653,9192
9653,9667
9101,9086
9101,9115
9101,9216
9101,9306
9101,9732
9732,9216
9732,9259
9732,9306
9732,9724
9698,9089
9698,9157
9698,9233
9698,9655
9089,9706
9478,9219
9478,9549
9478,9706
9453,9080
9453,9095
9453,9176
9453,9194
9453,9204
9453,9225
9453,9230
9453,9279
9453,9284
9453,9285
9453,9308
9453,9350
9453,9376
9453,9391
9453,9411
9453,9432
9453,9441
9453,9445
9453,9463
9453,9470
9453,9472
9453,9492
9453,9517
9453,9525
9453,9526
9453,9537
9453,9574
9453,9575
9453,9594
9453,9598
9453,9612
9453,9623
9453,9630
9453,9638
9453,9645
9453,9650
9453,9663
9453,9712
9099,9131
9099,9225
9099,9284
9099,9441
9099,9453
9099,9537
9260,9079
9260,9114
9260,9255
9260,9262
9260,9279
9260,9285
9260,9296
9260,9416
9260,9453
9260,9463
9260,9517
9260,9537
9260,9539
9260,9574
9260,9606
9260,9612
9260,9623
9260,9629
9160,9095
9160,9164
9160,9414
9160,9517
9160,9689
9469,9095
9469,9689
9170,9305
9170,9326
9170,9365
9170,9378
9170,9594
9170,9612
9170,9645
9360,9170
9360,9300
9360,9305
9360,9418
9360,9482
9360,9672
9360,9689
9301,9266
9301,9484
9301,9520
9082,9080
9082,9374
9082,9418
9432,9080
9432,9195
9432,9260
9432,9284
9432,9453
9432,9574
9432,9598
9148,9284
9148,9537
9148,9645
9692,9588
9692,9645
9692,9713
9713,9080
9713,9138
9713,9195
9713,9224
9713,9442
9713,9449
9713,9517
9713,9537
9713,9585
9713,9593
9713,9627
9713,9639
9713,9645
9713,9661
9713,9689
9264,9252
9264,9445
9264,9491
9264,9565
9264,9596
9264,9612
9264,9639
9264,9645
9264,9649
9264,9689
9405,9113
9609,9127
9609,9138
9609,9270
9609,9398
9609,9443
9609,9511
9609,9591
9609,9637
9609,9689
9616,9173
9616,9237
9616,9257
9616,9367
9616,9617
9558,9118
9558,9297
9558,9323
9558,9659
9319,9210
9319,9247
9319,9289
9319,9353
9319,9440
9529,9289
9067,9147
9067,9658
9067,9724
9147,9450
9147,9654
9654,9450
9654,9514
9654,9706
9654,9727
9654,9731
9209,9150
9209,9226
9179,9600
9179,9727
9314,9175
9314,9256
9256,9175
9256,9465
9465,9331
9465,9658
9465,9724
9464,9403
9464,9620
9464,9621
9464,9653
9464,9667
9620,9112
9620,9422
9620,9426
9620,9512
9620,9613
9620,9653
9620,9667
9620,9704
9173,9257
9173,9367
9173,9578
9173,9617
9617,9101
9617,9257
9617,9367
9617,9578
9367,9573
9367,9578
9200,9210
9200,9247
9200,9724
9210,9247
9210,9290
9210,9353
9210,9440
9440,9247
9440,9290
9440,9353
9115,9151
9115,9259
9115,9382
9115,9434
9480,9089
9086,9135
9086,9219
9086,9349
9086,9373
9086,9579
9139,9075
9139,9220
9139,9615
9615,9139
9615,9184
9615,9220
9615,9377
9615,9492
9615,9537
9615,9574
9202,9453
9202,9537
9202,9575
9202,9638
9069,9183
9069,9236
9069,9279
9069,9324
9069,9445
9069,9537
9279,9183
9279,9260
9279,9351
9279,9463
9279,9517
9279,9574
9279,9612
9279,9670
9279,9712
9657,9329
9657,9401
9657,9432
9308,9376
9308,9378
9308,9574
9308,9689
9470,9176
9470,9376
9470,9689
9449,9073
9449,9174
9449,9224
9449,9246
9449,9299
9449,9418
9449,9445
9449,9453
9449,9645
9449,9689
9449,9692
9449,9713
9224,9142
9224,9661
9224,9713
9355,9368
9576,9601
9704,9104
9704,9186
9704,9187
9704,9512
9704,9552
9704,9561
9704,9706
9704,9714
9384,9067
9384,9097
9384,9461
9384,9486
9384,9658
9384,9706
9573,9145
9573,9289
9573,9319
9573,9581
9573,9715
9634,9194
9634,9350
9634,9371
9634,9453
9634,9564
9634,9594
9634,9598
9634,9623
9634,9660
9452,9108
9452,9116
9452,9255
9452,9260
9452,9387
9452,9416
9452,9612
9452,9629
9452,9650
9452,9691
9124,9672
9124,9719
9331,9253
9331,9481
9331,9658
9407,9095
9407,9130
9407,9531
9407,9583
9167,9184
9167,9261
9167,9307
9167,9330
9167,9437
9167,9594
9167,9604
9167,9673
9369,9091
9369,9119
9369,9340
9438,9092
9438,9371
9438,9386
9438,9532
9438,9537
9438,9574
9438,9673
9395,9371
9395,9445
9395,9547
9236,9183
9183,9095
9183,9236
9183,9564
9183,9634
9183,9660
9183,9673
9541,9184
9451,9359
9458,9359
9275,9736
9336,9071
9336,9282
9336,9365
9286,9230
9286,9300
9286,9495
9125,9348
9174,9073
9174,9445
9174,9449
9588,9133
9364,9143
9364,9222
9364,9241
9364,9729
9488,9091
9488,9445
9488,9523
9488,9612
9103,9080
9103,9198
9103,9228
9103,9355
9103,9612
9273,9680
9237,9173
9237,9257
9237,9367
9237,9578
9237,9617
9373,9084
9373,9132
9373,9298
9604,9167
9604,9307
9604,9423
9436,9412
9436,9467
9436,9519
9436,9584
9320,9252
9601,9454
9601,9529
9259,9151
9259,9157
9259,9655
9259,9698
9098,9080
9098,9453
9098,9663
9597,9376
9593,9585
9669,9649
9592,9138
9684,9112
9684,9512
9684,9620
9684,9704
9093,9371
9093,9438
9093,9532
9093,9537
9093,9574
9093,9659
9093,9673
9330,9413
9330,9594
9131,9108
9131,9116
9131,9136
9131,9387
9131,9452
9131,9629
9131,9650
9131,9691
9479,9080
9479,9689
9328,9445
9328,9672
9310,9415
9310,9640
9717,9396
9351,9206
9351,9516
9351,9574
9694,9403
9694,9464
9694,9481
9476,9095
9476,9206
9476,9245
9476,9407
9476,9531
9476,9554
9476,9583
9476,9709
9554,9095
9554,9245
9554,9407
9554,9531
9554,9583
9554,9716
9245,9184
9245,9531
9413,9287
9721,9095
9721,9285
9721,9453
9721,9612
9721,9623
9702,9729
9396,9222
9598,9077
9598,9194
9598,9350
9598,9371
9598,9391
9598,9623
9652,9088
9652,9230
9652,9300
9652,9328
9652,9347
9652,9356
9652,9360
9652,9374
9652,9418
9652,9420
9652,9482
9652,9490
9652,9495
9652,9517
9652,9612
9652,9642
9652,9672
9652,9686
9368,9566
9213,9095
9168,9328
9168,9672
9168,9689
9515,9316
9515,9322
9515,9327
9515,9635
9515,9689
9161,9085
9666,9277
9096,9138
9096,9143
9251,9138
9251,9222
9251,9533
9459,9068
9459,9361
9459,9445
9514,9150
9514,9209
9514,9226
9514,9561
9500,9456
9220,9615
9547,9069
9547,9206
9547,9445
9262,9079
9262,9260
9262,9416
9262,9539
9248,9279
9248,9492
9435,9269
9435,9360
9435,9526
9365,9071
9365,9170
9365,9282
9087,9080
9087,9359
9087,9483
9073,9246
9073,9445
9392,9457
9589,9153
9560,9101
9560,9582
9610,9074
9610,9093
9610,9164
9610,9386
9610,9428
9610,9438
9610,9537
9610,9574
9610,9659
9610,9673
9610,9735
9723,9371
9723,9428
9324,9183
9324,9236
9324,9279
9324,9445
9324,9537
9225,9108
9225,9116
9225,9131
9225,9136
9225,9284
9225,9387
9225,9441
9225,9452
9225,9612
9225,9629
9225,9650
9504,9080
9504,9095
9504,9492
9504,9689
9231,9736
9647,9080
9647,9374
9638,9370
9638,9537
9638,9575
9638,9712
9263,9445
9682,9095
9682,9130
9682,9206
9682,9407
9682,9476
9682,9531
9682,9583
9682,9709
9682,9716
9329,9401
9380,9218
9380,9359
9380,9451
9380,9730
9664,9143
9664,9222
9664,9364
9532,9092
9532,9095
9532,9371
9532,9386
9532,9438
9532,9492
9532,9537
9532,9562
9532,9574
9532,9615
9532,9673
9255,9079
9255,9260
9255,9453
9255,9517
9255,9539
9255,9623
9518,9285
9518,9445
9518,9537
9518,9623
9518,9657
9518,9730
9141,9133
9290,9247
9290,9353
9290,9419
9290,9724
9696,9376
9696,9557
9425,9077
9425,9254
9281,9080
9281,9269
9281,9435
9281,9574
9281,9612
9356,9230
9356,9286
9356,9300
9356,9347
9356,9418
9356,9495
9356,9642
9356,9652
9208,9088
9208,9388
9208,9526
9208,9689
9332,9449
9332,9612
9372,9418
9372,9420
9553,9138
9553,9264
9553,9566
9198,9612
9429,9355
9429,9513
9543,9156
9543,9169
9543,9399
9543,9404
9543,9540
9404,9169
9404,9363
9404,9399
9404,9540
9404,9543
9404,9717
9335,9315
9335,9352
9335,9584
9335,9720
9239,9266
9239,9301
9239,9484
9656,9300
9656,9360
9656,9482
9656,9642
9621,9192
9621,9620
9621,9653
9621,9667
9092,9074
9092,9164
9092,9371
9092,9386
9092,9492
9092,9574
9092,9673
9075,9220
9075,9574
9075,9615
9564,9391
9564,9598
9564,9623
9296,9260
9296,9466
9296,9539
9683,9492
9374,9348
9374,9376
9374,9432
9374,9453
9374,9492
9374,9527
9374,9594
9081,9088
9081,9497
9678,9372
9427,9277
9427,9392
9427,9565
9559,9702
9076,9103
9076,9445
9212,9201
9637,9214
9637,9243
9637,9511
9637,9546
9637,9591
9637,9632
9637,9725
9632,9214
9632,9546
9443,9080
9443,9467
9443,9612
9443,9689
9443,9695
9700,9156
9700,9543
9685,9138
9685,9677
9519,9342
9519,9551
9105,9121
9584,9121
9584,9315
9584,9335
9584,9352
9584,9519
9584,9522
9584,9551
9584,9680
9584,9720
9503,9107
9503,9680
9516,9487
9516,9537
9516,9670
9501,9371
9501,9562
9501,9723
9506,9080
9506,9128
9506,9359
9506,9445
9506,9472
9424,9545
9580,9612
9068,9368
9362,9113
9362,9138
9325,9678
9397,9088
9397,9393
9341,9113
9111,9134
9412,9342
9412,9363
9412,9519
9416,9255
9416,9260
9416,9472
9416,9517
9416,9539
9416,9623
9416,9629
9129,9173
9129,9237
9129,9257
9129,9367
9129,9561
9129,9616
9129,9617
9578,9573
9460,9312
9460,9371
9460,9711
9204,9594
9322,9138
9169,9363
9169,9399
9169,9402
9169,9540
9169,9543
9169,9612
9309,9138
9309,9156
9309,9700
9342,9105
9342,9121
9342,9137
9342,9315
9342,9335
9342,9338
9342,9551
9107,9121
9107,9352
9118,9323
9623,9077
9623,9079
9623,9095
9623,9254
9623,9285
9623,9350
9623,9371
9623,9391
9623,9415
9623,9445
9623,9453
9623,9472
9623,9477
9623,9517
9623,9612
9623,9730
9071,9106
9071,9239
9071,9282
9071,9301
9071,9410
9071,9472
9071,9484
9628,9587
9628,9680
9628,9728
9127,9337
9127,9389
9127,9515
9127,9689
9315,9121
9315,9584
9315,9720
9370,9095
9370,9164
9370,9718
9494,9153
9494,9536
9197,9138
9197,9445
9254,9095
9254,9492
9166,9222
9722,9620
9722,9621
9722,9653
9722,9667
9382,9151
9382,9259
9630,9297
9630,9558
9346,9215
9346,9348
9346,9374
9430,9091
9430,9510
9710,9472
9710,9689
9387,9260
9387,9509
9387,9612
9387,9629
9387,9650
9387,9691
9457,9268
9400,9535
9400,9639
9463,9279
9463,9285
9463,9351
9463,9574
9671,9138
9388,9445
9311,9167
9311,9307
9691,9108
9691,9260
9691,9452
9691,9509
9691,9612
9691,9629
9691,9650
9734,9160
9295,9273
9295,9538
9295,9607
9295,9680
9287,9123
9303,9163
9188,9095
9188,9518
9188,9537
9188,9612
9437,9261
9437,9673
9562,9075
9562,9371
9562,9428
9562,9537
9562,9574
9562,9662
9492,9080
9492,9102
9492,9118
9492,9164
9492,9167
9492,9183
9492,9230
9492,9281
9492,9348
9492,9386
9492,9445
9492,9453
9492,9458
9492,9472
9492,9517
9492,9528
9492,9532
9492,9537
9492,9556
9492,9562
9492,9574
9492,9594
9492,9612
9492,9652
9492,9673
9492,9718
9492,9730
9077,9095
9077,9254
9077,9371
9716,9095
9716,9130
9716,9407
9716,9583
9130,9095
9130,9184
9130,9407
9130,9531
9130,9583
9323,9371
9433,9285
9433,9472
9433,9541
9539,9260
9539,9296
9539,9517
9539,9606
9641,9415
9641,9445
9299,9264
9299,9491
9299,9651
9687,9295
9687,9385
9687,9607
9402,9363
9402,9471
9402,9540
9293,9127
9293,9322
9293,9515
9442,9453
9172,9404
9172,9540
9172,9543
9733,9095
9267,9080
9267,9218
9267,9380
9267,9730
9510,9091
9385,9295
9385,9381
9385,9607
9196,9477
9196,9623
9196,9730
9206,9069
9206,9095
9206,9307
9206,9445
9206,9554
9206,9583
9206,9670
9206,9716
9441,9131
9441,9284
9441,9452
9441,9612
9441,9623
9441,9629
9291,9190
9291,9596
9119,9091
9119,9340
9119,9488
9577,9309
9577,9327
9577,9399
9577,9475
9577,9609
9511,9214
9511,9244
9511,9546
9511,9632
9511,9637
9511,9725
9223,9400
9690,9127
9690,9327
9690,9337
9690,9625
9606,9296
9606,9466
9606,9539
9563,9185
9563,9627
9563,9645
9117,9400
9294,9221
9294,9669
9462,9190
9232,9558
9232,9630
9110,9357
9110,9496
9675,9138
9361,9068
9361,9459
9136,9108
9136,9387
9136,9452
9136,9629
9665,9138
9665,9521
9665,9568
9079,9260
9079,9296
9079,9517
9079,9606
9509,9255
9509,9260
9509,9416
9509,9452
9509,9492
9509,9650
9116,9108
9116,9260
9116,9612
9116,9629
9116,9691
9439,9080
9439,9479
9334,9595
9334,9624
